5.049506348365683905e+00
1.826224044749596764e+00
1.203347311249526097e+00
8.204766491663169070e-01
6.439707967198399219e-01
5.333669016617856862e-01
4.397599444684842651e-01
3.776947234680813059e-01
3.365317925943689947e-01
3.179993809480122224e-01
2.827012940706315480e-01
2.606687722965577159e-01
2.320128180937679196e-01
2.120228668503724156e-01
1.981288548068209088e-01
1.831435254549575176e-01
1.666217514901988384e-01
1.527791054725165798e-01
1.457193456058581416e-01
1.354669215034389751e-01
1.276192530941009096e-01
1.216229472823778524e-01
1.128316590741771930e-01
1.071620270911343570e-01
9.952367270606082839e-02
9.389303418716396510e-02
9.021233721163536556e-02
8.416789394593365836e-02
8.064417578160205935e-02
7.577570168014299834e-02
7.035430205716813878e-02
6.740839951555420428e-02
6.158129080521834720e-02
5.764255845869312861e-02
5.551399331585404190e-02
5.183639525619561372e-02
4.895958926532429506e-02
4.519232263701913888e-02
4.135575914618819932e-02
3.866218237046144257e-02
3.379353166656892671e-02
3.013019043792097146e-02
