8.104089004889383774e-02
6.976004591783301068e-02
6.660445905650753950e-02
6.278717064458051722e-02
6.037870950757670552e-02
5.950460455012379635e-02
5.785201698230128114e-02
5.686246768252473799e-02
5.664687158893016994e-02
5.659802113270995944e-02
5.631166641548548263e-02
5.577102020393207710e-02
5.496539147054773505e-02
5.422916036795042555e-02
5.392690864385692867e-02
5.372009128781246590e-02
5.341183319889465653e-02
5.271844619013993372e-02
5.264382459950466692e-02
5.229940067571681866e-02
5.201240294658019542e-02
5.183456646645390881e-02
5.141755173921395972e-02
5.121303853760132002e-02
5.105307671401163733e-02
5.070270590358526286e-02
5.075812563799383947e-02
5.047924827174183476e-02
5.027043878793047149e-02
5.007428647968099195e-02
4.969347080976500158e-02
4.958518247312035387e-02
4.926113735534337623e-02
4.905656134117020867e-02
4.905520679058470584e-02
4.889804130338687438e-02
4.868180346866499836e-02
4.871118690493915493e-02
4.850610873206412377e-02
4.838706969068678337e-02
4.807007391394950424e-02
4.802279842815872224e-02
