1.901405986895896849e-01
1.679457529882081024e-01
1.564827757414037623e-01
1.471971629806143600e-01
1.425600961510437303e-01
1.395792835623209383e-01
1.352666690726603282e-01
1.325987464167710517e-01
1.309643159234968046e-01
1.294064107646904493e-01
1.274528552847384588e-01
1.257502378872889237e-01
1.239228843715877298e-01
1.226844107001784367e-01
1.217458537536655755e-01
1.204506161337101228e-01
1.185766805310264627e-01
1.172474819495598619e-01
1.162895233446966797e-01
1.151185213931685825e-01
1.140785622715924652e-01
1.131221055916370732e-01
1.118989198701026699e-01
1.110182756825676548e-01
1.099402568706030064e-01
1.091202542497856642e-01
1.081952775228917640e-01
1.072588752054010885e-01
1.063303172379738981e-01
1.055488665311311580e-01
1.045625443516038366e-01
1.037822911069825466e-01
1.028799013041127447e-01
1.022542169409996204e-01
1.016961658626600040e-01
1.009885004198434882e-01
1.003781400167083476e-01
9.957391623831304828e-02
9.884315415990532760e-02
9.836709973964855025e-02
9.768667503433135779e-02
9.708810068904627499e-02
