8.446600432940979175e+00
3.490684731460648393e+00
2.216206060909232001e+00
1.460899856356495885e+00
1.166784760532749043e+00
9.778509531244619080e-01
7.774503445385563261e-01
6.718519934008159167e-01
6.047173801924833336e-01
5.580922793641656110e-01
4.984055630413233851e-01
4.544016551151737748e-01
4.079541271609557485e-01
3.797669114583471783e-01
3.593957329721940153e-01
3.325291677082089503e-01
3.004126717484776332e-01
2.772589612961655070e-01
2.625341982320665291e-01
2.435615306416826775e-01
2.285715775224828328e-01
2.157958720977145861e-01
1.998173042791092924e-01
1.884035006520954347e-01
1.754892924017947275e-01
1.657653149535883164e-01
1.560170468795093746e-01
1.456638094941994366e-01
1.363853391775526613e-01
1.283332942289653333e-01
1.179346423678513528e-01
1.105274710518568959e-01
1.013320290859856948e-01
9.531076233024426969e-02
9.002482697067187845e-02
8.285465152550484935e-02
7.723656054355151901e-02
6.960126689762173580e-02
6.232092569450596586e-02
5.735981152177459241e-02
4.985063136483722929e-02
4.309019360778418989e-02
