6.771761842822712207e-01
2.990407357777103998e-03
-9.717379791421741706e-18
1.131635067778794967e+00
5.396222489626201477e-08
6.049788053946797070e-03
-6.121318353470434613e-05
-4.837918988609519148e-17
8.615686963462563241e-01
-4.029863081796772197e-07
5.811005965152748913e-07
2.287016730108138256e-19
4.211255876874856266e-03
-2.606947429178228088e-04
1.960435625191644840e-08
-4.865074986184770155e-17
1.162507740325438160e-01
-1.018163394091635745e-05
-1.886719997488747843e-06
2.238067055676085009e-06
-2.619121190304663817e-03
-1.111407765571416092e-07
-6.558628804812763868e-19
-5.841544258871989113e-04
2.704540061893416619e-21
3.111717030131641938e-18
2.380657458487982008e-07
-5.338834526875005926e-01
5.765103495786869448e-10
-4.378316559942372969e-06
-7.657553075675408967e-05
4.745948818184396966e-06
-8.614355460153098540e-03
-2.181824150715385609e-07
-1.098875868763682661e-18
-8.888978424052398113e-07
-8.028992436082809389e-04
-3.272461887081207628e-09
1.441596238484263509e-17
-6.461550132146984815e-01
1.331862215825221800e-06
-6.501346147336433592e-20
-5.602759627937468723e-22
-5.961285621443495688e-06
5.965154124612399844e-06
-2.953622484504140732e-04
-7.475163514178507010e-03
9.412769980680737662e-09
1.138464545442925540e-10
1.216258162910106772e-17
-2.380656282474225739e-06
-3.669308101780179832e-06
-6.457155056157893019e-04
-3.398760816942640915e-08
5.670027540522197280e-17
-2.246775680843146050e-01
4.611192723493821867e-06
-3.834404891845390297e-08
-2.687743219943780137e-20
-6.589307203109028853e-10
-3.807141533891714927e-06
3.194249832383988601e-06
1.054555849794057160e-03
-7.777977766024393594e-04
-6.912628662538957464e-21
1.934945425939815619e-23
7.062689485411112549e-08
2.204366043203878028e-17
-5.914472226399065556e-05
-9.971680994279401492e-06
1.055876901152775903e-16
2.403805485394469864e-09
1.600907988616954886e-12
3.201359561179280555e-01
-1.349867400598125767e-05
1.130613819747885103e-05
-5.169723629178410849e-07
-3.745797543929788402e-10
2.676503827509252014e-06
-1.082258112101544919e-18
-2.229784343167661414e-07
-3.732352535707969113e-06
9.861666883156414154e-03
-1.484468037361255004e-03
-8.638088636015024222e-12
-1.041887378174658391e-08
3.337999878523027532e-07
1.097560980230019133e-17
1.283649705144085813e-20
6.391900157562926304e-04
-4.821636945443091410e-17
5.350201564276618749e-01
-1.174639121415153299e-26
-1.947667615448303485e-05
3.282065918670047263e-22
-5.076649469467111318e-05
2.293061129896395182e-08
2.086098470890736440e-05
9.485876995329071217e-06
2.124091364312308565e-13
