0.000000000000000000e+00
6.958996705455128051e-15
-1.443175216547783344e-16
0.000000000000000000e+00
-7.942795186997636106e-16
1.573416505419853462e-14
2.410831169582206797e-16
7.512296566163849379e-17
0.000000000000000000e+00
-4.098335165365302094e-15
-7.946451977725158668e-15
1.918739771362783726e-16
-1.358408737383856077e-14
3.681563050813553982e-16
3.948951639712364358e-16
-7.077866445237296876e-16
0.000000000000000000e+00
8.353412440023430000e-17
-8.982603528288589752e-15
-5.951373408336382761e-15
-1.188163161720214255e-14
1.233726709200755154e-15
6.247093936584157724e-16
-3.910296340238274081e-17
-1.245440698501918186e-16
-3.630336535153582415e-16
0.000000000000000000e+00
0.000000000000000000e+00
7.557909950945082914e-17
-1.102075674391727128e-14
4.475339218079810209e-16
-3.675350605349316232e-15
0.000000000000000000e+00
1.725261326360715752e-17
6.475518512357415638e-17
5.590327953163631049e-15
-4.145249184600373920e-16
-4.911258308125250724e-16
-6.424504975853782442e-16
0.000000000000000000e+00
3.300461239488468831e-15
-2.896054192904411346e-16
7.537186110004299879e-18
6.549004558255598671e-15
1.526537382073035336e-14
8.738094484871639650e-16
1.418166157466348524e-14
0.000000000000000000e+00
-6.445436128261612788e-17
3.224926947110131808e-15
1.816321610739303731e-16
1.026825962441689315e-14
-9.170056461942671547e-17
1.260646988706766419e-17
7.915947540339431292e-16
0.000000000000000000e+00
2.534979948329884862e-15
-2.464150514738620329e-15
-6.504338592263947728e-16
1.329077977745204902e-16
1.013494773007060064e-14
1.010593667908546734e-14
0.000000000000000000e+00
1.463337217493640734e-15
-2.567547788943041458e-17
-1.059576115244643090e-17
-7.355435788414797257e-16
1.610882877725910764e-15
-6.022436436500155632e-16
2.911028877478137210e-15
9.898845948307273955e-16
0.000000000000000000e+00
2.515124611342140228e-17
0.000000000000000000e+00
5.087606666706437938e-16
-7.185795221185503527e-15
1.142401649412079257e-16
-8.804973477313567135e-18
-2.878358463013065249e-15
-1.274659554252930747e-15
-6.573661388531228712e-15
-5.758557732228970519e-15
-1.152167378508240464e-14
2.102823084686915264e-15
-2.665572287123688007e-17
8.978174876379523681e-16
-3.249026199118511595e-15
3.901113484078437863e-15
1.531821981471942366e-16
5.605721712996803487e-16
-2.342278516142317667e-15
0.000000000000000000e+00
-1.239967850791778426e-18
-1.138721668378454469e-14
-6.717037496609898256e-17
1.496762574829497792e-15
9.190196828609302420e-16
-1.461024883068827929e-14
-2.574723514895908378e-14
-7.735327538569872177e-18
2.316768211052359185e-16
-6.821775389400345439e-16
-1.936714483313727310e-14
-1.533166646311153794e-14
-7.246099489436886671e-15
3.562946952909059779e-16
3.335751925283583828e-16
1.460431909222580830e-18
-9.786439173434462122e-17
-2.029965743590131723e-15
-8.999022755069790858e-16
1.357946486179852071e-15
3.296391445699413193e-15
-1.000697411264536086e-15
-2.077598169045322515e-15
0.000000000000000000e+00
8.508504507381498547e-18
-1.797264124022152385e-14
-3.660349830281665290e-16
-1.032487641808362938e-14
2.733413765454687287e-15
-7.267109656222364506e-17
1.991142142422027269e-15
-5.380759903985419474e-15
-1.449291354338473754e-18
-1.789912815214257990e-15
-8.938017894922586733e-16
-5.862218411865276126e-15
-2.470486998840352378e-17
3.954769720404534399e-15
7.789680443488773361e-16
4.176588097300765328e-16
2.119315674716806306e-18
1.012798162432192026e-15
-3.219180469281595708e-15
-1.494268933392208110e-16
1.907491143405729022e-15
1.382408136339868114e-14
-4.045192813056667244e-15
0.000000000000000000e+00
-3.658301370838976278e-19
-2.201418777167417828e-15
-4.733721483276686675e-16
1.577297401054535657e-14
7.671151704653255114e-15
2.086013263527240659e-17
1.965643424117160026e-14
5.529284508541492984e-15
2.166988411639369659e-14
-1.682995631030171819e-18
