0.000000000000000000e+00
2.990407357777178157e-03
9.753448815638752012e-06
0.000000000000000000e+00
-5.396222489667408307e-08
6.049788053946789264e-03
2.371210936217558688e-19
2.018074622435276692e-05
0.000000000000000000e+00
-4.029863081805713159e-07
-5.811005964961500520e-07
-3.042872949658739574e-09
4.211255876874708814e-03
2.828284114557287417e-19
-1.960435625212770371e-08
6.691850348994862355e-06
0.000000000000000000e+00
3.397610568791746170e-20
-1.886719997482832165e-06
-2.238067055653658542e-06
-2.619121190304777008e-03
-1.111407765571649820e-07
-1.452573762976447264e-08
7.983521694653142466e-19
-1.339142095860790735e-09
-3.488741366060152036e-05
-2.380657458497490747e-07
0.000000000000000000e+00
-5.765103495715367955e-10
-4.378316559952826202e-06
1.806190715816963995e-19
-4.745948818254990386e-06
-8.614355460153067315e-03
-1.369154870612475597e-21
-3.091147357022534607e-08
-8.888978424057514192e-07
-2.210144707429109314e-18
-3.272461887079300149e-09
-6.472227265769906618e-05
0.000000000000000000e+00
-1.331862215827837861e-06
-1.110307485311492406e-08
-5.236886070436160772e-11
-5.961285621407547609e-06
-5.965154124638426626e-06
9.131077570170100516e-19
-7.475163514178498336e-03
-9.412769980608796109e-09
-1.138464545441789588e-10
-2.248025116687254884e-08
-1.102920409364802360e-20
-3.669308101783232539e-06
1.033350737555164854e-17
4.443267424658042154e-23
-3.321417148953164511e-05
0.000000000000000000e+00
-4.611192723495177120e-06
-3.834404891844608776e-08
-4.795118716582450739e-08
-6.589307203108643180e-10
-3.807141533889568545e-06
-3.194249832247424867e-06
1.054555849793922286e-03
3.019214868668635446e-18
-6.398214303612240143e-10
-1.349542956747175103e-11
-7.062689485355623950e-08
6.088150225832165845e-08
5.269012799244739635e-18
-9.971680994283228387e-06
5.552448231213735091e-05
-2.403805485388943470e-09
-1.600907988617554673e-12
0.000000000000000000e+00
-4.781585213069960559e-20
-1.130613819750227488e-05
9.151635130374071999e-22
4.373378884233103105e-24
2.676503827531739045e-06
-1.324540555162237173e-07
-2.229784343167241339e-07
3.732352535785557331e-06
9.861666883156381194e-03
5.242080339319233624e-18
-8.638088636014762497e-12
-1.041887378174670633e-08
-3.337999878512001810e-07
2.361932166999045341e-07
-3.861590831770677580e-09
4.588193769081825330e-18
1.233267142045959273e-04
0.000000000000000000e+00
-2.125119946827398296e-13
-1.947667615448966881e-05
-2.214080282061390051e-10
-4.719521632345263807e-19
-2.293061129894000990e-08
-2.086098470889156216e-05
9.485876995354011255e-06
-2.124091364311294279e-13
