1.479289940828402462e-02
1.479289940828402809e-02
1.479289940828402462e-02
1.479289940828402462e-02
1.479289940828402809e-02
1.479289940828402462e-02
1.479289940828402462e-02
1.479289940828402462e-02
1.479289940828402289e-02
1.479289940828402809e-02
1.479289940828402289e-02
1.479289940828402462e-02
1.479289940828402462e-02
1.479289940828402289e-02
1.479289940828402462e-02
1.479289940828402462e-02
1.479289940828402462e-02
1.479289940828402462e-02
1.479289940828402462e-02
1.479289940828402462e-02
1.479289940828402462e-02
1.479289940828402462e-02
1.479289940828402289e-02
1.479289940828402462e-02
1.479289940828402462e-02
1.479289940828402462e-02
1.479289940828402462e-02
1.479289940828402462e-02
1.479289940828402462e-02
1.479289940828402462e-02
1.479289940828402462e-02
1.479289940828402462e-02
1.479289940828402462e-02
1.479289940828402462e-02
1.479289940828402462e-02
1.479289940828402462e-02
1.479289940828402289e-02
1.479289940828402289e-02
1.479289940828402462e-02
1.479289940828402462e-02
