6.759999999999999432e+01
6.759999999999999432e+01
6.759999999999999432e+01
6.759999999999999432e+01
6.759999999999999432e+01
6.759999999999999432e+01
6.759999999999999432e+01
6.759999999999999432e+01
6.759999999999999432e+01
6.759999999999999432e+01
6.759999999999999432e+01
6.759999999999999432e+01
6.759999999999999432e+01
6.759999999999999432e+01
6.759999999999999432e+01
6.759999999999999432e+01
6.759999999999999432e+01
6.759999999999999432e+01
6.759999999999999432e+01
6.759999999999999432e+01
6.759999999999999432e+01
6.759999999999999432e+01
6.759999999999999432e+01
6.759999999999999432e+01
6.759999999999999432e+01
6.759999999999999432e+01
6.759999999999999432e+01
6.759999999999999432e+01
6.759999999999999432e+01
6.759999999999999432e+01
6.759999999999999432e+01
6.759999999999999432e+01
6.759999999999999432e+01
6.759999999999999432e+01
6.759999999999999432e+01
6.759999999999999432e+01
6.759999999999999432e+01
6.759999999999999432e+01
6.759999999999999432e+01
6.759999999999999432e+01
6.759999999999999432e+01
6.759999999999999432e+01
6.759999999999999432e+01
6.759999999999999432e+01
6.759999999999999432e+01
6.759999999999999432e+01
6.759999999999999432e+01
6.759999999999999432e+01
6.759999999999999432e+01
6.759999999999999432e+01
6.759999999999999432e+01
6.759999999999999432e+01
6.759999999999999432e+01
6.759999999999999432e+01
6.759999999999999432e+01
1.077289999999999992e+01
6.759999999999999432e+01
6.759999999999999432e+01
6.759999999999999432e+01
6.759999999999999432e+01
6.759999999999999432e+01
6.759999999999999432e+01
6.759999999999999432e+01
6.759999999999999432e+01
6.759999999999999432e+01
2.530600000000000183e+00
6.759999999999999432e+01
6.759999999999999432e+01
6.759999999999999432e+01
6.759999999999999432e+01
6.759999999999999432e+01
6.759999999999999432e+01
6.759999999999999432e+01
6.759999999999999432e+01
6.759999999999999432e+01
1.328689999999999927e+01
6.759999999999999432e+01
6.759999999999999432e+01
6.759999999999999432e+01
6.759999999999999432e+01
6.759999999999999432e+01
6.759999999999999432e+01
6.759999999999999432e+01
6.759999999999999432e+01
6.759999999999999432e+01
2.075000000000000178e+00
6.759999999999999432e+01
6.759999999999999432e+01
6.759999999999999432e+01
6.759999999999999432e+01
6.759999999999999432e+01
6.759999999999999432e+01
6.759999999999999432e+01
6.759999999999999432e+01
6.759999999999999432e+01
4.020400000000000418e+00
6.759999999999999432e+01
6.759999999999999432e+01
6.759999999999999432e+01
6.759999999999999432e+01
6.759999999999999432e+01
6.759999999999999432e+01
6.759999999999999432e+01
6.759999999999999432e+01
6.759999999999999432e+01
2.336830000000000140e+01
6.759999999999999432e+01
6.759999999999999432e+01
6.759999999999999432e+01
6.759999999999999432e+01
6.759999999999999432e+01
6.759999999999999432e+01
6.759999999999999432e+01
6.759999999999999432e+01
6.759999999999999432e+01
3.915800000000000125e+01
6.759999999999999432e+01
6.759999999999999432e+01
6.759999999999999432e+01
6.759999999999999432e+01
6.759999999999999432e+01
6.759999999999999432e+01
6.759999999999999432e+01
6.759999999999999432e+01
6.759999999999999432e+01
9.771900000000000475e+00
6.759999999999999432e+01
6.759999999999999432e+01
6.759999999999999432e+01
6.759999999999999432e+01
6.759999999999999432e+01
6.759999999999999432e+01
6.759999999999999432e+01
6.759999999999999432e+01
6.759999999999999432e+01
3.839750000000000085e+01
6.759999999999999432e+01
6.759999999999999432e+01
6.759999999999999432e+01
6.759999999999999432e+01
6.759999999999999432e+01
6.759999999999999432e+01
6.759999999999999432e+01
6.759999999999999432e+01
6.759999999999999432e+01
2.884690000000000154e+01
6.759999999999999432e+01
6.759999999999999432e+01
6.759999999999999432e+01
6.759999999999999432e+01
6.759999999999999432e+01
6.759999999999999432e+01
6.759999999999999432e+01
6.759999999999999432e+01
6.759999999999999432e+01
6.759999999999999432e+01
6.759999999999999432e+01
6.759999999999999432e+01
6.759999999999999432e+01
6.759999999999999432e+01
6.759999999999999432e+01
6.759999999999999432e+01
6.759999999999999432e+01
6.759999999999999432e+01
6.759999999999999432e+01
6.759999999999999432e+01
6.759999999999999432e+01
6.759999999999999432e+01
6.759999999999999432e+01
6.759999999999999432e+01
6.759999999999999432e+01
6.759999999999999432e+01
6.759999999999999432e+01
6.759999999999999432e+01
6.759999999999999432e+01
6.759999999999999432e+01
6.759999999999999432e+01
6.759999999999999432e+01
6.759999999999999432e+01
6.759999999999999432e+01
6.759999999999999432e+01
6.759999999999999432e+01
6.759999999999999432e+01
6.759999999999999432e+01
6.759999999999999432e+01
6.759999999999999432e+01
6.759999999999999432e+01
6.759999999999999432e+01
6.759999999999999432e+01
6.759999999999999432e+01
6.759999999999999432e+01
6.759999999999999432e+01
6.759999999999999432e+01
6.759999999999999432e+01
6.759999999999999432e+01
6.759999999999999432e+01
6.759999999999999432e+01
6.759999999999999432e+01
6.759999999999999432e+01
6.759999999999999432e+01
6.759999999999999432e+01
6.759999999999999432e+01
6.759999999999999432e+01
6.759999999999999432e+01
6.759999999999999432e+01
